2013  805   7 2   7 2   7 2    0.05455    0.98580    38.74132 
************************************************
2013  909   8 2   8 2   8 2    0.03788    0.96257    34.00643 
************************************************
2013  922   7 2   7 2   7 2    0.08281    0.94794    33.57231 
************************************************
2013  1132   8 2   8 2   7 2    0.03199    0.94960    33.68552 
************************************************
2014  1115   5 2   5 2   5 2    0.06988    0.99113    35.97865 
************************************************
2014  1284   8 2   8 2   7 2    0.07542    0.97212    38.95233 
************************************************
2014  1286   7 2   7 2   3 2    0.06049    0.95838    33.94139 
************************************************
2014  1407   8 2   8 2   7 2    0.03483    0.99508    44.02839 
************************************************
2014  1566   65 2   65 2   65 2    0.01407    0.99729    51.87883 
************************************************
2014  1574   8 2   8 2   8 2    0.06797    0.82003    31.76024 
************************************************
2015  213   7 2   7 2   7 2    0.14565    0.73967    29.68118 
************************************************
2015  225   8 2   8 2   8 2    0.04945    0.78334    31.50114 
************************************************
2015  246   11 2   11 2   23 2    0.00529    0.99890    47.39876 
************************************************
2015  255   59 2   59 2   59 2    0.00418    0.99884    51.87276 
************************************************
2015  274   59 2   59 2   7 2    0.01002    0.96855    37.94719 
************************************************
2015  298   59 2   59 2   7 2    0.01002    0.96855    37.94719 
************************************************
2015  274   59 2   59 2   7 2    0.01002    0.96855    37.94719 
************************************************
2015  410   113 2   113 2   50 2    0.00158    0.99997    64.85377 
************************************************
2015  432   54 2   54 2   54 2    0.00209    0.99991    62.46131 
************************************************
2015  432   59 2   59 2   59 2    0.03532    0.97408    43.85765 
************************************************
2015  610   63 2   63 2   63 2    0.05375    0.97740    40.31155 
************************************************
2015  1582   7 2   7 2   7 2    0.08564    0.89167    32.73181 
************************************************
2015  1637   8 2   8 2   7 2    0.13987    0.95753    35.49729 
************************************************
2017  23   3 2   3 2   3 2    0.00554    0.99931    56.00674 
************************************************
2017  415   8 2   8 2   8 2    0.01486    0.98000    38.31657 
************************************************
2017  430   8 2   8 2   8 2    0.06875    0.94661    29.98910 
************************************************
2017  436   78 2   78 2   98 2    0.01540    0.92486    32.87378 
************************************************
2017  463   8 2   8 2   7 2    0.00676    0.91872    37.94712 
************************************************
2017  585   7 2   7 2   8 2    0.05336    0.87957    30.18014 
************************************************
2018  43   6 2   107 2   6 2    0.00295    0.99684    47.18581 
************************************************
2018  57   7 2   7 2   8 2    0.00644    0.95307    36.35159 
************************************************
2018  83   73 2   73 2   73 2    0.00296    0.99652    46.54824 
************************************************
2018  318   8 2   8 2   8 2    0.04765    0.88258    38.05554 
************************************************
2018  324   7 2   7 2   59 2    0.00998    0.98437    45.43806 
************************************************
2018  326   59 2   82 2   82 2    0.11622    0.92498    36.74991 
************************************************
2018  410   2 2   2 2   50 2    0.00719    0.99991    56.26585 
************************************************
2018  566   8 2   8 2   8 2    0.00745    0.99710    39.65812 
************************************************
2018  613   5 2   5 2   4 2    0.00517    0.99900    43.39105 
************************************************
2018  1040   8 2   8 2   8 2    0.07522    0.90382    35.73853 
************************************************
2018  1041   8 2   8 2   5 2    0.03854    0.93994    31.64860 
************************************************
2018  1050   3 2   3 2   0 2    0.03352    0.95686    31.20039 
************************************************
2018  1061   8 2   8 2   8 2    0.10958    0.83476    28.83708 
************************************************
2018  1064   89 2   89 2   7 2    0.01277    0.99095    36.98011 
************************************************
2018  1107   1 2   1 2   1 2    0.02717    0.99125    42.63847 
************************************************
2018  1119   81 2   81 2   81 2    0.04256    0.96391    31.85254 
************************************************
2018  1126   8 2   8 2   8 2    0.04457    0.94895    37.22690 
************************************************
2018  1155   7 2   7 2   1 2    0.01479    0.87649    30.23107 
************************************************
2018  1181   50 2   50 2   50 2    0.00596    0.99984    57.59227 
************************************************
2018  1198   2 2   2 2   2 2    0.07309    0.98484    41.18368 
************************************************
2018  1199   88 2   88 2   88 2    0.00103    0.99998    70.42352 
************************************************
2018  1214   7 2   7 2   7 2    0.02308    0.89145    28.77872 
************************************************
2018  1235   7 2   7 2   7 2    0.02032    0.94073    31.30179 
************************************************
2018  1245   7 2   7 2   8 2    0.03530    0.94907    37.88349 
************************************************
2018  1254   73 2   73 2   73 2    0.01375    0.99927    51.87869 
************************************************
2018  1261   59 2   59 2   61 2    0.03544    0.98136    33.24885 
************************************************
2018  1296   8 2   8 2   8 2    0.05450    0.90448    37.09847 
************************************************
2018  1302   2 2   2 2   2 2    0.01319    0.97825    34.07570 
************************************************
2018  1306   7 2   7 2   90 2    0.01181    0.91417    29.67826 
************************************************
2018  1367   7 2   8 2   8 2    0.03933    0.79756    27.45261 
************************************************
2018  1393   89 2   89 2   89 2    0.03603    0.98567    45.13303 
************************************************
2018  1397   82 2   82 2   82 2    0.03472    0.99199    41.61652 
************************************************
2018  1470   7 2   7 2   7 2    0.05523    0.95199    35.59622 
************************************************
2018  1542   8 2   8 2   8 2    0.04274    0.86434    31.77644 
************************************************
2018  1545   6 2   6 2   6 2    0.04939    0.89296    32.11978 
************************************************
2018  1784   58 2   58 2   58 2    0.01262    0.97484    42.49753 
************************************************
2017  540   65 2   65 2   65 2    0.04084    0.99904    44.95040 
************************************************
2018  54   8 2   8 2   8 2    0.03309    0.99361    41.41656 
************************************************
2018  250   55 2   55 2   55 2    0.06149    0.96571    35.85074 
************************************************
2018  1074   50 2   50 2   50 2    0.01282    0.99982    55.52939 
************************************************
2018  1385   8 2   8 2   8 2    0.02932    0.95263    36.48553 
************************************************
2017  518   8 2   8 2   8 2    0.01374    0.95773    32.14522 
************************************************
2017  433   8 2   8 2   8 2    0.10658    0.93807    37.67373 
************************************************
2017  317   8 2   8 2   8 2    0.13211    0.81167    31.43234 
************************************************
2017  327   93 2   93 2   93 2    0.04963    0.94658    36.61844 
************************************************
2019  809   59 2   59 2   59 2    0.04037    0.97488    38.44991 
************************************************
2019  825   7 2   7 2   7 2    0.07939    0.97834    40.91748 
************************************************
2019  843   8 2   8 2   0 2    0.02920    0.95242    32.13049 
************************************************
2019  862   7 2   7 2   7 2    0.02456    0.96508    39.16654 
************************************************
2019  884   8 2   8 2   5 2    0.02393    0.92066    30.22129 
************************************************
2019  893   0 2   0 2   3 2    0.04259    0.90411    29.75503 
************************************************
2019  922   59 2   59 2   59 2    0.05465    0.96433    34.30700 
************************************************
2019  943   93 2   93 2   3 2    0.07370    0.98113    34.38371 
************************************************
2019  968   7 2   7 2   7 2    0.08259    0.94558    32.63154 
************************************************
2019  993   7 2   7 2   8 2    0.10852    0.88267    29.69305 
************************************************
2019  1006   8 2   8 2   5 2    0.01387    0.99676    45.65509 
************************************************
2019  1018   59 2   59 2   59 2    0.05179    0.94791    35.88248 
************************************************
2019  1025   8 2   8 2   5 2    0.07836    0.92722    30.55156 
************************************************
2019  1041   3 2   3 2   3 2    0.04844    0.98608    40.78478 
************************************************
2019  1053   7 2   7 2   7 2    0.03878    0.93191    32.40111 
************************************************
2019  1061   8 2   8 2   7 2    0.16654    0.86911    29.05570 
************************************************
2019  1087   7 2   7 2   6 2    0.14340    0.88227    27.80018 
************************************************
2019  1120   8 2   8 2   8 2    0.04953    0.95000    34.17896 
************************************************
2019  1129   6 2   76 2   7 2    0.02235    0.98827    37.47366 
************************************************
2019  1146   6 2   6 2   6 2    0.06165    0.92754    30.58277 
************************************************
2019  1147   101 2   101 2   101 2    0.00452    0.99779    42.90296 
************************************************
2019  1175   8 2   8 2   8 2    0.03622    0.97795    36.92423 
************************************************
2019  1192   8 2   8 2   8 2    0.04233    0.75632    27.94420 
************************************************
2019  1199   7 2   7 2   7 2    0.00581    0.99657    42.36687 
************************************************
2019  1226   8 2   8 2   8 2    0.03736    0.91619    32.79482 
************************************************
2019  1226   8 2   8 2   8 2    0.03736    0.91619    32.79482 
************************************************
2019  1230   7 2   7 2   7 2    0.03596    0.95358    34.12168 
************************************************
2019  1236   8 2   8 2   6 2    0.04789    0.93872    29.28437 
************************************************
