2013    805
2013    909
2013    922
2013    1132
2014    1115
2014    1284
2014    1286
2014    1407
2014    1566
2014    1574
2015    213
2015    225
2015    246
2015    255
2015    274
2015    298
2015    410
2015    432
2015    610
2015    1582
2015    1637
2017    23
2017    415
2017    430
2017    436
2017    463
2017    585
2018    43
2018     57
2018     83
2018     318
2018    324
2018    326 
2018    410
2018    566
2018    613 
2018    1040
2018    1041
2018    1050
2018    1061
2018    1064
2018    1107 
2018    1119
2018    1126
2018    1155
2018    1181
2018    1198
2018    1199
2018    1214
2018    1235
2018    1245
2018    1254
2018    1261
2018    1296 
2018    1302
2018    1306 
2018    1367
2018    1393
2018    1397
2018    1470 
2018    1542
2018    1545
2018    1784
2017    540
2018    54
2018    250
2018    1074 
2018    1385
2017     518
2017     433
2017     317
2017     327
2019     809
2019     825
2019     843  
2019     862
2019     884
2019     893
2019     922
2019     943
2019     968
2019     993
2019     1006
2019     1018
2019     1025
2019     1041
2019     1053
2019     1061  
2019     1087
2019     1120
2019     1129
2019     1146
2019     1147
2019     1159
2019     1175
2019     1192
2019     1199
2019     1226
2019     1230
2019     1236
