2013 805  7  2  0.06200  6465.443  66.06300 19.11100  0.31700  2.199  0.951  -1.050179  -1.236300  0.0   1.24831  0.18612
2013 909  8  2  0.61700  6495.703  45.54600 18.36300  1.00000  3.464  1.556  -1.208636  -1.377184  1.0   1.57810  0.17733
2013 922  7  2  0.03900  6452.741  62.43000 19.68700  0.13900  1.690  1.026  -0.900777  -1.059775  0.0   0.66388  0.15900
2013 1132  7  2  0.17200  6490.147  42.21500 18.34100  0.10900  2.834  1.302  -1.301560  -1.474076  1.0   1.09778  0.16576
2014 1115  5  2  0.15400  6830.220  48.60800 19.99400  0.54500  2.363  1.382  -0.736618  -0.835270  2.0   1.05878  0.14339
2014 1284  7  2  0.02200  6852.987  65.67400 19.26600  0.19500  3.396  2.070  -0.773015  -0.868219  1.0   1.32606  0.09520
2014 1286  3  2  0.13700  6861.969  78.78500 18.96200  0.20700  2.807  0.944  -0.997195  -1.210058  0.0   1.86246  0.21286
2014 1407  7  2  0.06300  6862.562  42.66300 18.20900  0.63000  6.373  3.926  -1.195380  -1.331535  1.0   2.44758  0.13615
2014 1566  65  2  0.00400  6888.442  286.59500 18.74100  0.03500  3.015  2.086  -1.246039  -1.317504  2.0   1.68827  0.10381
2014 1574  8  2  0.07900  6870.930  27.46800 19.30700  0.09900  2.612  1.199  -0.977140  -1.152652  0.0   1.41318  0.17551
2015 213  7  2  0.29300  7083.431  5.02200 19.92100  1.00000  2.349  1.038  -0.667625  -0.852916  0.0   1.36195  0.18040
2015 225  8  2  0.15700  7087.233  20.91800 18.61800  0.11800  3.020  1.164  -1.134254  -1.341116  0.0   1.52669  0.18922
2015 246  23  2  0.63400  7140.923  34.93900 15.94200  1.00000  2.719  1.039  -2.089638  -2.302788  0.0   1.67982  0.21315
2015 255  59  2  0.41400  7111.795  20.03700 15.93700  0.69400  4.308  2.610  -2.016120  -2.135673  1.0   1.68917  0.16635
2015 274  7  2  0.92000  7104.752  12.69000 16.87700  1.00000  2.205  0.889  -1.842806  -2.047595  1.0   1.56478  0.17916
2015 274  7  2  0.92000  7104.752  12.69000 16.87700  1.00000  2.205  0.889  -1.842806  -2.047595  0.0   1.31601  0.20479
2015 410  50  2  0.26700  7120.178  20.18200 16.14500  0.91800  1.939  1.588  -2.087480  -2.131202  1.0   0.35143  0.04372
2015 432  59  2  0.08100  7101.595  13.70200 18.81200  1.00000  2.338  1.352  -1.141802  -1.293266  1.0   0.98583  0.15146
2015 610  63  2  0.06100  7136.079  36.30200 18.83300  0.68600  3.042  2.209  -1.093099  -1.322808  2.0   0.90938  0.19059
2015 1582  7  2  0.03900  7211.715  80.19900 19.68000  0.12000  1.892  0.852  -0.914578  -1.108509  2.0   0.95289  0.19170
2015 1637  8  2  0.03800  7221.868  38.93400 20.31900  0.16700  1.995  0.978  -0.546119  -0.671989  2.0   0.96884  0.17524
2017 23  3  2  0.21900  7815.727  30.44000 15.94700  1.00000  3.025  1.560  -1.987478  -2.133551  1.0   1.46456  0.14607
2017 415  8  2  0.72500  7861.974  13.59400 17.08400  1.00000  2.693  1.180  -1.660261  -1.841984  1.0   1.48876  0.16390
2017 430  8  2  0.33900  7905.223  300.71300 19.15100  0.31800  2.875  1.263  -0.970515  -1.149912  0.0   1.61168  0.17940
2017 436  98  2  1.09900  7843.443  5.98000 17.34600  1.00000  1.833  0.524  -1.696184  -1.977383  1.0   1.46060  0.23030
2017 463  8  2  1.71900  7852.494  7.76600 16.31100  1.00000  2.695  1.148  -1.973771  -2.157471  1.0   1.48950  0.21477
2017 585  7  2  0.86900  7891.031  28.70000 18.72900  1.00000  2.851  1.103  -1.115365  -1.322795  0.0   1.74824  0.20743
2018 43  107  2  1.21200  8175.805  9.31400 15.17200  1.00000  20.952  17.379  -1.851581  -1.893712  1.0   2.66054  0.12478
2018 57  8  2  1.39200  8179.790  14.23400 15.88600  1.00000  3.338  1.294  -2.042910  -2.256473  1.0   2.45515  0.15437
2018 83  73  2  0.85200  8136.139  32.84700 15.90700  1.00000  2.015  1.171  -2.122378  -2.244250  1.0   2.05238  0.14625
2018 318  8  2  0.11200  8188.788  4.72500 18.62900  1.00000  2.205  1.136  -1.147211  -1.326618  1.0   1.85581  0.15288
2018 324  7  2  0.06800  8192.189  11.16400 17.12100  0.10000  1.877  0.979  -1.782473  -1.934847  0.0   0.89813  0.15237
2018 326  59  2  0.06300  8182.982  9.03300 19.84000  1.00000  2.466  1.797  -0.694602  -0.869554  1.0   0.78330  0.16366
2018 410  2  2  0.10900  8291.744  53.99400 16.56700  1.00000  3.887  2.659  -1.872628  -1.994764  2.0   0.93133  0.14982
2018 566  8  2  0.92900  8281.080  35.02300 16.66500  1.00000  1.701  0.605  -1.990040  -2.207238  3.0   0.97251  0.16666
2018 613  4  2  0.68300  8288.575  45.37000 16.24000  0.65600  1.732  0.991  -2.076021  -2.205641  0.0   0.74087  0.12962
2018 1040  8  2  0.04600  8282.033  11.73800 19.03800  0.33900  2.287  1.096  -0.982755  -1.199294  0.0   0.96598  0.17308
2018 1041  5  2  0.73200  8284.400  10.69500 18.75300  1.00000  1.472  0.591  -1.272965  -1.482085  1.0   0.88174  0.20912
2018 1050  0  2  0.85200  8290.500  22.59200 18.31400  1.00000  2.520  0.879  -1.272967  -1.499383  1.0   1.26165  0.21777
2018 1061  8  2  0.61200  8286.024  11.67000 19.42200  1.00000  2.881  1.450  -0.752340  -0.904963  2.0   1.31816  0.19605
2018 1064  7  2  0.46800  8311.987  33.67000 17.03400  0.33700  2.477  0.981  -1.732343  -1.935237  0.0   1.49589  0.20289
2018 1107  1  2  0.03400  8320.129  65.98500 18.26700  0.13500  2.140  0.974  -1.352795  -1.546589  0.0   1.33124  0.19834
2018 1119  81  2  0.66200  8314.122  30.18700 18.88400  1.00000  1.657  0.533  -1.185082  -1.443200  1.0   1.26221  0.21827
2018 1126  8  2  0.00800  8298.285  38.56200 18.90800  0.09600  1.809  0.960  -1.155685  -1.305762  1.0   1.15888  0.20122
2018 1155  7  2  1.40300  8295.220  6.69600 17.72600  1.00000  1.313  0.538  -1.679070  -1.879464  2.0   1.08213  0.20106
2018 1181  50  2  0.11500  8331.763  21.96500 17.25000  1.00000  1.835  1.248  -1.784157  -1.892778  0.0   0.58672  0.10862
2018 1198  2  2  0.01800  8316.718  37.22100 19.75200  0.56400  1.824  3.240  -0.804689  -0.941923  1.0   -0.41458  0.12293
2018 1199  88  2  0.20700  8312.389  4.50800 15.42800  1.00000  10.414  9.863  -1.942527  -1.955723  2.0   -0.09264  0.08635
2018 1214  7  2  1.25300  8307.729  14.42400 17.82700  1.00000  1.861  0.613  -1.511603  -1.753425  3.0   0.24245  0.12522
2018 1235  7  2  1.08100  8308.387  12.14000 18.06500  1.00000  1.714  0.744  -1.524073  -1.719417  3.0   0.38799  0.13924
2018 1245  8  2  0.56800  8322.501  20.54300 18.28300  1.00000  12.002  10.242  -1.038110  -1.091487  1.0   1.75974  0.05338
2018 1254  73  2  0.04500  8339.332  39.12100 18.01900  0.59100  1.916  1.607  -1.486050  -1.599724  2.0   1.03479  0.08353
2018 1261  61  2  0.64900  8344.419  60.92700 18.51700  1.00000  2.643  1.006  -1.191958  -1.394799  2.0   1.23534  0.12330
2018 1296  8  2  0.10300  8316.540  4.61800 18.72900  0.27800  3.334  1.989  -0.997861  -1.118645  3.0   1.26278  0.12267
2018 1302  2  2  1.22600  8347.689  38.78400 18.03100  1.00000  1.132  0.469  -1.582250  -1.760973  4.0   1.14293  0.13388
2018 1306  7  2  1.70400  8315.051  20.74600 17.33900  1.00000  1.301  0.441  -1.795335  -2.021047  1.0   0.85944  0.22571
2018 1367  7  2  0.03100  8358.129  20.11100 18.49100  0.76400  2.163  0.863  -1.198865  -1.392468  1.0   1.07989  0.20966
2018 1393  89  2  0.00010  8342.997  19.50400 19.22200  0.25600  1.251  1.598  -1.172633  -1.338137  2.0   0.60416  0.19494
2018 1397  82  2  0.14500  8338.126  18.84500 18.79200  1.00000  1.943  1.666  -1.200825  -1.369187  3.0   0.52251  0.18830
2018 1470  7  2  0.18500  8345.498  15.82200 19.10100  0.54900  1.702  0.806  -1.067069  -1.236795  0.0   0.89552  0.16973
2018 1542  8  2  0.05500  8349.204  39.52700 18.23200  0.04500  3.168  1.369  -1.209795  -1.400838  1.0   1.34714  0.18038
2018 1545  6  2  0.65800  8341.712  12.12300 18.81000  1.00000  2.770  1.215  -1.171087  -1.388363  1.0   1.41644  0.19268
2018 1784  58  2  0.00010  8419.342  61.60400 17.64500  0.04800  1.443  0.628  -1.647811  -1.821735  2.0   1.26615  0.18799
2017 540  65  2  0.01900  7964.470  267.54900 20.13800  0.47200  5.027  4.486  -0.799672  -0.859923  1.0   0.54118  0.06025
2018 54  8  2  0.13800  8204.077  59.85600 18.19500  0.65700  3.454  1.708  -1.273252  -1.434161  2.0   1.14385  0.11058
2018 250  55  2  0.20600  8202.269  41.88800 18.97200  1.00000  3.572  2.835  -0.957958  -1.083829  1.0   0.73731  0.12587
2018 1074  50  2  0.02300  8314.821  58.06900 17.97600  0.92600  3.962  3.864  -1.297902  -1.340283  2.0   0.41778  0.08413
2018 1385  8  2  0.22700  8334.704  19.22100 18.09800  0.26500  3.390  2.012  -1.265214  -1.384829  3.0   0.73798  0.09596
2017 518  8  2  1.39400  7860.637  18.66400 17.53000  1.00000  2.041  1.028  -1.621601  -1.775750  0.0   1.01336  0.15415
2017 433  8  2  0.07000  7844.099  8.94400 19.34700  1.00000  6.909  5.500  -0.580705  -0.647173  1.0   1.21100  0.11031
2017 317  8  2  0.10900  7824.432  3.23100 19.81000  1.00000  1.921  1.058  -0.731754  -0.934957  1.0   1.09506  0.14127
2017 327  93  2  0.29300  7085.467  40.92800 19.13900  1.00000  1.565  0.840  -1.092586  -1.328170  0.0   0.72508  0.23558
2019 809  59  2  0.05700  8647.617  64.30000 18.15700  0.15500  5.437  2.467  -1.144849  -1.316063  1.0   1.84757  0.20340
2019 825  7  2  0.01600  8662.470  33.94500 19.29500  0.59100  5.260  4.482  -0.891259  -1.036728  1.0   0.77781  0.14547
2019 843  8  2  0.32100  8643.040  39.64300 18.44100  0.22400  2.091  0.877  -1.352270  -1.552197  1.0   0.99585  0.17270
2019 862  7  2  0.01600  8634.684  66.67900 18.39600  0.03700  2.108  1.003  -1.342169  -1.509506  1.0   1.03203  0.17091
2019 884  5  2  0.22200  8655.658  61.97400 18.11600  0.07500  1.652  0.678  -1.476157  -1.674984  1.0   0.97395  0.19883
2019 893  3  2  0.31200  8635.636  36.58100 18.79600  0.24500  1.555  0.422  -1.254667  -1.554515  1.0   1.13301  0.29985
2019 922  59  2  0.15800  8659.541  41.30100 19.06500  0.38200  1.821  0.460  -1.131397  -1.463123  2.0   1.24726  0.31579
2019 943  93  2  0.21300  8671.623  54.40200 19.47400  1.00000  2.062  1.006  -0.941146  -1.199231  0.0   1.05570  0.25809
2019 968  7  2  0.04600  8659.471  82.03400 19.58600  0.12200  1.886  0.698  -0.933024  -1.148191  1.0   1.12169  0.23663
2019 993  7  2  0.42800  8672.317  25.59800 19.82100  1.00000  1.667  0.754  -0.766872  -0.954532  1.0   1.05219  0.22030
2019 1006  8  2  0.10300  8711.300  50.17100 17.15400  0.26000  2.218  1.015  -1.708661  -1.902105  0.0   1.20257  0.19344
2019 1018  59  2  0.03900  8656.065  57.30300 19.24500  0.08200  1.760  0.870  -0.987202  -1.146912  0.0   0.88987  0.15971
2019 1025  5  2  0.14600  8674.906  54.51100 19.21100  0.24000  2.122  0.818  -0.968679  -1.182882  0.0   1.09670  0.18696
2019 1041  3  2  0.10000  8675.371  19.67900 19.20500  0.79400  1.518  0.965  -1.133268  -1.353146  0.0   0.91537  0.19793
2019 1053  7  2  0.39400  8690.315  30.69700 18.50800  0.34300  2.235  0.848  -1.253206  -1.470017  0.0   1.03313  0.20265
2019 1061  7  2  0.15000  8682.191  62.36100 19.93400  0.30900  3.227  1.663  -0.573272  -0.723680  1.0   1.56463  0.15041
2019 1087  7  2  0.33900  8676.086  43.04000 20.44200  1.00000  1.398  0.593  -0.702220  -0.912665  2.0   1.18457  0.18043
2019 1120  8  2  0.18000  8694.892  60.47400 18.57700  0.15000  3.915  2.340  -0.975992  -1.078171  3.0   1.31459  0.15434
2019 1129  7  2  0.51100  8708.846  32.67500 18.54100  1.00000  0.994  0.498  -1.473000  -1.636232  1.0   0.49528  0.16323
2019 1146  6  2  0.39000  8698.520  48.61500 19.24700  0.41400  2.206  0.953  -1.041033  -1.243477  1.0   0.87406  0.18284
2019 1147  101  2  1.09600  8693.492  39.90000 17.70300  1.00000  1.762  1.357  -1.685581  -1.745485  2.0   0.71774  0.14186
2019 1175  8  2  0.24200  8722.762  35.32800 18.31400  0.52200  3.420  1.527  -1.253742  -1.447217  1.0   1.89285  0.19348
2019 1192  8  2  0.13500  8716.570  39.91400 18.52000  0.48800  2.098  0.739  -1.202624  -1.427017  1.0   1.62607  0.20893
2019 1199  7  2  0.92100  8717.973  17.21800 15.95100  1.00000  2.320  1.046  -2.104985  -2.292720  1.0   1.50880  0.20187
2019 1226  8  2  0.28700  8694.855  32.39200 18.40000  0.20000  2.269  0.939  -1.245287  -1.436042  1.0   1.46398  0.19909
2019 1226  8  2  0.28700  8694.855  32.39200 18.40000  0.20000  2.269  0.939  -1.245287  -1.436042  0.0   1.32950  0.19075
2019 1230  7  2  0.56600  8699.593  16.78500 18.78000  1.00000  1.855  1.064  -1.187490  -1.323903  0.0   1.06045  0.16358
2019 1236  6  2  0.84200  8712.714  32.15800 18.70700  1.00000  2.192  0.756  -1.184103  -1.418516  0.0   1.18561  0.18719
